0 1 4.71661 4.60824 1.89713 39.0306 29.7943 30.0166
0 1 1.43125 5.65349 3.99565 44.8871 18.6941 23.6654
0 2 2.58463 3.29279 3.06002 8.25909 44.387 8.80052
0 2 3.62515 1.73623 6.08393 4.23324 22.5027 15.8627
0 2 7.7528 1.59003 1.43951 9.63972 18.9797 26.0591
0 2 0.67653 -1.06966 2.37078 4.90442 38.582 26.4415
0 2 4.763 1.47725 0.534219 32.4672 28.1694 34.9405
0 2 3.29197 6.47043 -0.0706855 5.90231 3.81577 13.8377
0 4 0.303356 2.60373 4.11216 12.664 13.4256 8.71056
0 4 2.96511 4.83219 6.82012 38.8081 17.7518 36.5726
0 5 2.42554 4.66924 0.00532638 38.2364 20.9457 12.503
0 7 3.24329 6.39781 2.99785 26.5522 9.09618 24.0933
0 7 2.45452 3.18494 4.79764 18.86 28.9955 38.4826
0 9 4.17516 2.49058 0.204345 21.2633 34.6597 17.0226
